0.0 1675.230965947176
0.01 1671.9555125790569
0.02 1669.0145479845394
0.03 1666.3781592371797
0.04 1664.0193855842158
0.05 1661.9138894774658
0.060000002 1660.0396701597845
0.07 1658.3768106821622
0.08 1656.9072547186604
0.089999996 1655.6146132642352
0.099999994 1654.4839914875756
0.10999999 1653.5018362631322
0.11999999 1652.6558011106092
0.13 1651.9346258134615
0.14 1651.3280314915548
0.15 1650.8266238572744
0.16000001 1650.421809232677
0.17000002 1650.105718912884
0.18000002 1649.8711414892925
0.19000003 1649.711462204986
0.20000003 1649.6206085378826
0.21000004 1649.5930012950341
0.22000004 1649.6235106172805
0.23000005 1649.707416328213
0.24000005 1649.8403721696397
0.25000006 1650.0183734983675
0.26000005 1650.2377277145754
0.27000004 1650.49502877055
0.28000003 1650.7871323588533
0.29000002 1651.111134391456
0.3 1651.4643512369455
0.31 1651.8443017505595
0.32 1652.2486909202871
0.32999998 1652.6753949611184
0.33999997 1653.1224477240917
0.34999996 1653.5880282901437
0.35999995 1654.0704496302449
0.36999995 1654.5681482406999
0.37999994 1655.079674652882
0.38999993 1655.6036847386065
0.39999992 1656.1389317428218
0.4099999 1656.6842589675916
0.4199999 1657.2385930596263
0.4299999 1657.8009378387937
0.43999988 1658.3703686202111
0.44999987 1658.9460269940046
0.45999986 1659.5271160150469
0.46999985 1660.1128957669637
0.47999984 1660.7026792789497
0.48999983 1661.2958287468405
0.49999982 1661.891752054808
0.5099998 1662.4898995533845
0.5199998 1663.0897610849654
0.5299998 1663.6908632284803
0.5399998 1664.292766754467
0.5499998 1664.8950642631776
0.55999976 1665.4973779957386
0.56999975 1666.0993578104128
0.57999974 1666.7006792991192
0.58999974 1667.3010420429575
0.5999997 1667.9001679890425
0.6099997 1668.497799948991
0.6199997 1669.0937001941331
0.6299997 1669.6876491578828
0.6399997 1670.2794442230977
0.6499997 1670.8688985961844
0.65999967 1671.4558402577304
0.66999966 1672.0401109844329
0.67999965 1672.6215654393084
0.68999964 1673.200070323056
0.69999963 1673.7755035812809
0.7099996 1674.3477536666994
0.7199996 1674.916718849581
0.7299996 1675.4823065746584
0.7399996 1676.0444328600836
0.7499996 1676.6030217354958
0.7599996 1677.1580047188725
0.76999956 1677.709320324407
0.77999955 1678.2569136050483
0.78999954 1678.8007357245663
0.79999954 1679.340743554092
0.8099995 1679.87689929835
0.8199995 1680.4091701447787
0.8299995 1680.9375279318463
0.8399995 1681.461948844112
0.8499995 1681.9824131212413
0.8599995 1682.4989047894376
0.86999947 1683.0114114062803
0.87999946 1683.5199238241335
0.88999945 1684.024435967814
0.89999944 1684.524944625364
0.90999943 1685.0214492522282
0.9199994 1685.5139517869552
0.9299994 1686.0024564809794
0.9399994 1686.4869697359063
0.9499994 1686.9674999506192
0.9599994 1687.4440573804147
0.9699994 1687.9166540045285
0.97999936 1688.3853033981745
0.98999935 1688.8500206171996
0.99999934 1689.3108220862139
1.0099994 1689.7677282073273
1.0199994 1690.2207523933043
1.0299994 1690.6699173150714
1.0399994 1691.1152438992947
1.0499994 1691.556753985112
1.0599993 1691.9944702450475
1.0699993 1692.4284161174207
1.0799993 1692.8586157373466
1.0899993 1693.2850938758613
1.0999993 1693.7078758798998
1.1099993 1694.1269876186748
1.1199993 1694.5424554299798
1.1299993 1694.9543060747221
1.1399993 1695.3625666880653
1.1499993 1695.767264739429
1.1599993 1696.1684279919562
1.1699992 1696.5660844630104
1.1799992 1696.960262392628
1.1899992 1697.3509902070248
1.1999992 1697.7382964900944
1.2099992 1698.1222099534384
1.2199992 1698.5027594105218
1.2299992 1698.8799737485933
1.2399992 1699.253881909324
1.2499992 1699.624512863057
1.2599992 1699.9918955899104
1.2699991 1700.3560590588272
1.2799991 1700.7170322119812
1.2899991 1701.0748439473073
1.2999991 1701.4295231002263
1.3099991 1701.7810984328241
1.3199991 1702.129598617442
1.3299991 1702.4750522258778
1.3399991 1702.8174877173901
1.3499991 1703.1569334256978
1.3599991 1703.4934175532783
1.369999 1703.8269681565394
1.379999 1704.1576131422655
1.389999 1704.4853802560285
1.399999 1704.8102970778095
1.409999 1705.1323910120263
1.419999 1705.4516892844497
1.429999 1705.7682189344687
1.439999 1706.0820068117941
1.449999 1706.3930795694796
1.459999 1706.701463661432
1.469999 1707.0071853375957
1.479999 1707.3102706414777
1.4899989 1707.6107454062405
1.4999989 1707.9086352515405
1.5099989 1708.2039655839542
1.5199989 1708.4967615894832
1.5299989 1708.7870482373762
1.5399989 1709.0748502746715
1.5499989 1709.3601922277676
1.5599989 1709.643098397911
1.5699989 1709.9235928631908
1.5799989 1710.2016994776632
1.5899988 1710.4774418689033
1.5999988 1710.750843439952
1.6099988 1711.021927366531
1.6199988 1711.2907166012442
1.6299988 1711.5572338695197
1.6399988 1711.8215016717543
1.6499988 1712.0835422850696
1.6599988 1712.343377760263
1.6699988 1712.6010299275626
1.6799988 1712.856520391669
1.6899987 1713.1098705381398
1.6999987 1713.3611015304823
1.7099987 1713.6102343125606
1.7199987 1713.857289609968
1.7299987 1714.1022879320738
1.7399987 1714.3452495704853
1.7499987 1714.586194603085
1.7599987 1714.82514289463
1.7699987 1715.0621140980752
1.7799987 1715.2971276562657
1.7899987 1715.5302028020499
1.7999986 1715.7613585630638
1.8099986 1715.9906137605465
1.8199986 1716.2179870116943
1.8299986 1716.4434967315465
1.8399986 1716.6671611355314
1.8499986 1716.888998238966
1.8599986 1717.1090258616664
1.8699986 1717.3272616274685
1.8799986 1717.5437229668512
1.8899986 1717.758427119066
1.8999985 1717.9713911333856
1.9099985 1718.1826318708945
1.9199985 1718.3921660071992
1.9299985 1718.6000100333881
1.9399985 1718.806180257918
1.9499985 1719.0106928093712
1.9599985 1719.2135636364574
1.9699985 1719.414808512364
1.9799985 1719.614443034356
1.9899985 1719.8124826267476
1.9999985 1720.0089425432316
2.0099986 1720.2038401805257
2.0199986 1720.397185809156
2.0299985 1720.5889965113804
2.0399985 1720.7792868734
2.0499985 1720.9680713192897
2.0599985 1721.1553641124417
2.0699985 1721.3411793585733
2.0799985 1721.5255310056114
2.0899985 1721.7084328467172
2.0999985 1721.8898985216542
2.1099985 1722.0699415193076
2.1199985 1722.2485751780305
2.1299984 1722.425812688657
2.1399984 1722.601667095135
2.1499984 1722.7761512972215
2.1599984 1722.949278051549
2.1699984 1723.1210599730928
2.1799984 1723.2915095379078
2.1899984 1723.460639083558
2.1999984 1723.628460811395
2.2099984 1723.7949867880554
2.2199984 1723.960228946499
2.2299984 1724.1241990887804
2.2399983 1724.2869088865566
2.2499983 1724.4483698827978
2.2599983 1724.6085934943155
2.2699983 1724.7675910118414
2.2799983 1724.925373602663
2.2899983 1725.0819523106843
2.2999983 1725.2373380602644
2.3099983 1725.3915416547916
2.3199983 1725.5445737807086
2.3299983 1725.696445007298
2.3399982 1725.8471657888767
2.3499982 1725.9967464657238
2.3599982 1726.145197265515
2.3699982 1726.2925283054233
2.3799982 1726.4387495921346
2.3899982 1726.5838710244323
2.3999982 1726.7279023939564
2.4099982 1726.870853386337
2.4199982 1727.0127335827467
2.4299982 1727.1535524610158
2.4399981 1727.2933193971703
2.4499981 1727.432043666697
2.4599981 1727.569734445045
2.4699981 1727.7064008095542
2.479998 1727.8420517404618
2.489998 1727.9766961223484
2.499998 1728.1103427443645
2.509998 1728.2430003025288
2.519998 1728.3746774000128
2.529998 1728.5053825494642
2.539998 1728.6351241722227
2.549998 1728.763910601051
2.559998 1728.8917500805169
2.569998 1729.0186507679869
2.579998 1729.144620735157
2.589998 1729.2696679686874
2.599998 1729.3938003715298
2.609998 1729.5170257632658
2.619998 1729.639351882563
2.629998 1729.7607863857781
2.639998 1729.881336851109
2.649998 1730.0010107759874
2.659998 1730.1198155818047
2.669998 1730.2377586110438
2.679998 1730.3548471313459
2.689998 1730.4710883345942
2.699998 1730.586489338816
2.709998 1730.701057187876
2.719998 1730.8147988540875
2.7299979 1730.927721237575
2.7399979 1731.039831167268
2.7499979 1731.1511354030076
2.7599978 1731.2616406350337
2.7699978 1731.3713534854971
2.7799978 1731.4802805088934
2.7899978 1731.5884281934407
2.7999978 1731.6958029611865
2.8099978 1731.8024111687212
2.8199978 1731.9082591090482
2.8299978 1732.0133530112705
2.8399978 1732.1176990417998
2.8499978 1732.2213033050748
2.8599977 1732.3241718440322
2.8699977 1732.4263106407889
2.8799977 1732.5277256183217
2.8899977 1732.6284226394348
2.8999977 1732.7284075096084
2.9099977 1732.8276859757539
2.9199977 1732.9262637277889
2.9299977 1733.0241463997884
2.9399977 1733.1213395687414
2.9499977 1733.217848757926
2.9599977 1733.3136794354996
2.9699976 1733.4088370155862
2.9799976 1733.503326859586
2.9899976 1733.5971542757957
2.9999976 1733.6903245211497
3.0099976 1733.7828428005864
3.0199976 1733.8747142685581
3.0299976 1733.9659440291089
3.0399976 1734.0565371369275
3.0499976 1734.1464985978866
3.0599976 1734.23583336877
3.0699975 1734.3245463583755
3.0799975 1734.412642429183
3.0899975 1734.5001263954914
3.0999975 1734.587003026656
3.1099975 1734.6732770444023
3.1199975 1734.7589531274014
3.1299975 1734.8440359082706
3.1399975 1734.9285299756639
3.1499975 1735.0124398743294
3.1599975 1735.0957701061845
3.1699975 1735.1785251303936
3.1799974 1735.2607093637464
3.1899974 1735.3423271813776
3.1999974 1735.4233829166653
3.2099974 1735.503880862488
3.2199974 1735.5838252718509
3.2299974 1735.6632203568624
3.2399974 1735.7420702907589
3.2499974 1735.8203792077682
3.2599974 1735.8981512035919
3.2699974 1735.9753903351393
3.2799973 1736.0521006224567
3.2899973 1736.1282860475583
3.2999973 1736.2039505560333
3.3099973 1736.2790980566494
3.3199973 1736.3537324222539
3.3299973 1736.4278574899051
3.3399973 1736.5014770613477
3.3499973 1736.5745949041059
3.3599973 1736.6472147499999
3.3699973 1736.7193402973423
3.3799973 1736.7909752106057
3.3899972 1736.8621231213392
3.3999972 1736.9327876269467
3.4099972 1737.0029722932065
3.4199972 1737.0726806532211
3.4299972 1737.141916207654
3.4399972 1737.2106824264931
3.4499972 1737.278982747782
3.4599972 1737.3468205783481
3.4699972 1737.4141992954198
3.4799972 1737.4811222451422
3.4899971 1737.5475927438583
3.4999971 1737.613614078426
3.5099971 1737.6791895065683
3.5199971 1737.7443222567822
3.529997 1737.8090155281113
3.539997 1737.873272492943
3.549997 1737.9370962942892
3.559997 1738.000490047448
3.569997 1738.0634568408034
3.579997 1738.1259997354118
3.589997 1738.1881217650591
3.599997 1738.249825937346
3.609997 1738.3111152332187
3.619997 1738.3719926073168
3.629997 1738.4324609894404
3.639997 1738.4925232833898
3.649997 1738.5521823669544
3.659997 1738.6114410939465
3.669997 1738.6703022930687
3.679997 1738.7287687688763
3.689997 1738.7868433012134
3.699997 1738.8445286462859
3.709997 1738.901827536359
3.719997 1738.9587426805876
3.729997 1739.015276764651
3.739997 1739.0714324515266
3.749997 1739.1272123806755
3.759997 1739.1826191702064
3.769997 1739.2376554153159
3.7799969 1739.2923236885522
3.7899969 1739.346626542157
3.7999969 1739.4005665050872
3.8099968 1739.4541460864207
3.8199968 1739.507367773159
3.8299968 1739.5602340314567
3.8399968 1739.612747306761
3.8499968 1739.6649100245725
3.8599968 1739.7167245892417
3.8699968 1739.768193385709
3.8799968 1739.8193187780705
3.8899968 1739.8701031118271
3.8999968 1739.9205487124382
3.9099967 1739.9706578858068
3.9199967 1740.020432919227
3.9299967 1740.0698760812459
3.9399967 1740.1189896203334
3.9499967 1740.1677757683028
3.9599967 1740.2162367367646
3.9699967 1740.2643747208078
3.9799967 1740.3121918960703
3.9899967 1740.3596904214978
3.9999967 1740.4068724376905
4.009997 1740.4537411820104
4.019997 1740.5002976312928
4.0299973 1740.5465438753156
4.0399976 1740.592481985892
4.049998 1740.6381140183205
4.059998 1740.6834420113557
4.0699983 1740.7284679871009
4.0799985 1740.773193951518
4.0899987 1740.817621894415
4.099999 1740.8617537896803
4.109999 1740.9055915947793
4.1199994 1740.949137252223
4.1299996 1740.992392688793
4.14 1741.035359815708
4.15 1741.0780405291944
4.1600003 1741.120436709769
4.1700006 1741.1625502239817
4.180001 1741.204382922817
4.190001 1741.2459366431353
4.2000012 1741.2872132066973
4.2100015 1741.32821442156
4.2200017 1741.368942080516
4.230002 1741.4093979637298
4.240002 1741.4495838361167
4.2500024 1741.489501449242
4.2600026 1741.5291525411722
4.270003 1741.56853883591
4.280003 1741.6076620443066
4.2900033 1741.64652386382
4.3000035 1741.685125979094
4.3100038 1741.7234700611452
4.320004 1741.7615577678334
4.330004 1741.7993907447603
4.3400044 1741.8369706251851
4.3500047 1741.8742990288056
4.360005 1741.9113775632413
4.370005 1741.9482078239325
4.3800054 1741.9847913939002
4.3900056 1742.021129844068
4.400006 1742.057224733219
4.410006 1742.0930776085766
4.4200063 1742.1286900051239
4.4300065 1742.1640634468438
4.4400067 1742.1991994452187
4.450007 1742.2340995010215
4.460007 1742.268765103077
4.4700074 1742.3031977294197
4.4800076 1742.3373988467165
4.490008 1742.3713699105433
4.500008 1742.4051123656413
4.5100083 1742.4386276456391
4.5200086 1742.4719171740037
4.530009 1742.5049823627066
4.540009 1742.5378246137163
4.5500093 1742.5704453186427
4.5600095 1742.602845857879
4.5700097 1742.6350276025166
4.58001 1742.6669919131346
4.59001 1742.6987401402082
4.6000104 1742.730273623714
4.6100106 1742.7615936946015
4.620011 1742.7927016731203
4.630011 1742.8235988703395
4.6400113 1742.8542865877284
4.6500115 1742.8847661168277
4.660012 1742.9150387399982
4.670012 1742.9451057298945
4.680012 1742.9749683499394
4.6900125 1743.0046278545803
4.7000127 1743.0340854890503
4.710013 1743.0633424891128
4.720013 1743.0924000817013
4.7300134 1743.1212594854524
4.7400136 1743.1499219096074
4.750014 1743.1783885544335
4.760014 1743.2066606115313
4.7700143 1743.234739265096
4.7800145 1743.2626256891144
4.7900147 1743.2903210500608
4.800015 1743.3178265060988
4.810015 1743.3451432062093
4.8200154 1743.3722722924733
4.8300157 1743.399214897767
4.840016 1743.4259721471813
4.850016 1743.4525451577051
4.8600163 1743.478935038624
4.8700166 1743.5051428911167
4.880017 1743.5311698087753
4.890017 1743.557016876923
4.9000173 1743.5826851738575
4.9100175 1743.6081757696609
4.9200177 1743.6334897272568
4.930018 1743.6586281023485
4.940018 1743.6835919422092
4.9500184 1743.7083822875545
4.9600186 1743.7330001719317
4.970019 1743.757446620752
4.980019 1743.7817226534357
4.9900193 1743.8058292812211
